Sequence obtained by this pattern on the mat:

0   1   8   9
3   2   7  10
4   5   6  11
15 14  13  12

Starting at A1.

A 0 0 0 0
B 0 0 0 -1
C -1 0 0 -1
B -1 0 0 0
C -1 1 0 0
D -1 1 0 -1
E -1 1 1 -1
D -1 0 1 -1
C 0 0 1 -1
B 0 0 1 0
C -1 0 1 0
D -1 1 1 0
C 0 1 1 0
D 0 1 1 -1
C 0 1 0 -1
B 0 1 0 0
C 1 1 0 0
D 1 1 0 -1
E 1 1 1 -1
D 1 1 1 0
E 1 1 1 1
D 0 1 1 1
E -1 1 1 1
D -1 0 1 1
C 0 0 1 1
B 0 0 0 1
C -1 0 0 1
D -1 1 0 1
C 0 1 0 1
D 1 1 0 1
C 1 0 0 1
D 1 0 1 1
C 1 0 1 0
D 1 0 1 -1
C 1 0 0 -1
B 1 0 0 0
C 1 -1 0 0
D 1 -1 0 -1
E 1 -1 1 -1
D 1 -1 1 0
E 1 -1 1 1
D 1 -1 0 1
E 1 -1 -1 1
D 1 0 -1 1
E 1 1 -1 1
D 0 1 -1 1
E -1 1 -1 1
D -1 0 -1 1
C 0 0 -1 1
B 0 0 -1 0
C -1 0 -1 0
D -1 1 -1 0
C 0 1 -1 0
D 1 1 -1 0
C 1 0 -1 0
D 1 -1 -1 0
C 0 -1 -1 0
D 0 -1 -1 1
C 0 -1 0 1
D 0 -1 1 1
C 0 -1 1 0
D 0 -1 1 -1
C 0 -1 0 -1
B 0 -1 0 0
C -1 -1 0 0
D -1 -1 0 -1
E -1 -1 1 -1
D -1 -1 1 0
E -1 -1 1 1
D -1 -1 0 1
E -1 -1 -1 1
D -1 -1 -1 0
E -1 -1 -1 -1
D 0 -1 -1 -1
E 1 -1 -1 -1
D 1 0 -1 -1
E 1 1 -1 -1
D 0 1 -1 -1
E -1 1 -1 -1
D -1 0 -1 -1
C 0 0 -1 -1
